0
0.0241311
0.0469718
0.0685807
0.0890168
0.108339
0.126605
0.143874
0.160206
0.175658
0.19029
0.20416
0.217327
0.229849
0.241786
0.253197
0.264139
0.274672
0.284854
0.294744
0.304401
0.313884
0.323251
0.332561
0.341873
0.351246
0.360737
0.370407
0.380314
0.390516
0.401073
0.412042
0.423483
0.435455
0.448016
0.461224
0.47514
0.489821
0.505326
0.521714
0.539043
0.557373
0.576762
0.597269
0.618953
0.641872
0.666085
0.691651
0.718628
0.747076
0.777053
0.808617
0.841828
0.876744
0.913425
0.951928
0.992312
1.03464
1.07896
1.12534
1.17384
1.22759
1.2886
1.35533
1.42623
1.49974
1.57432
1.6484
1.72045
1.78891
1.85223
1.90886
1.95725
1.99584
2.02308
2.03743
2.03734
2.02359
2.00602
1.98644
1.96547
1.94372
1.92181
1.90036
1.88
1.86134
1.845
1.8316
1.82175
1.81609
1.81522
1.81976
1.82782
1.83645
1.84552
1.85488
1.86438
1.87388
1.88323
1.8923
1.90093
1.90898
1.9163
1.92276
1.92821
1.9325
1.93551
1.9379
1.94007
1.94208
1.944
1.94588
1.94779
1.94979
1.95194
1.95431
1.95695
1.95994
1.96333
1.96718
1.97156
1.97626
1.98099
1.98574
1.99049
1.99526
2.00002
2.00477
2.0095
2.01421
2.01889
2.02353
2.02812
2.03266
2.03715
2.04159
2.04602
2.05043
2.05483
2.05923
2.06364
2.06805
2.07248
2.07693
2.08141
2.08591
2.09045
2.09504
2.09967
2.10435
2.10907
2.11381
2.11855
2.1233
2.12803
2.13272
2.13738
2.14197
2.1465
2.15094
2.15528
2.15956
2.16394
2.1684
2.17292
2.17746
2.18199
2.18647
2.19088
2.19518
2.19933
2.20331
2.20708
2.21061
2.21406
2.2177
2.22145
2.22527
2.22911
2.23291
2.23661
2.24016
2.24351
2.2466
2.24937
2.25177
2.25384
2.25618
2.25881
2.26161
2.26449
2.26732
2.27
2.27243
2.27448
2.27605
2.27703
2.27731
2.2768
2.27616
2.27567
2.27528
2.27493
2.27458
2.27417
2.27364
2.27295
2.27203
2.27083
2.26931
2.26739
2.26526
2.26311
2.26096
2.2588
2.25664
2.25448
2.25234
2.2502
2.24808
2.24598
2.2439
2.24185
2.23988
2.23815
2.23661
2.23516
2.23376
2.23231
2.23076
2.22902
2.22703
2.22472
2.222
2.21881
2.21509
2.21101
2.20674
2.20233
2.19785
2.19337
2.18896
2.18468
2.1806
2.17678
2.1733
2.17021
2.16758
2.16555
2.16441
2.16397
2.16398
2.16418
2.16431
2.16414
2.16339
2.16181
2.15915
2.15516
2.14958
2.14216
2.13303
2.12337
2.11338
2.10319
2.09292
2.08267
2.07256
2.0627
2.05323
2.04424
2.03586
2.02819
2.02137
2.01545
2.00962
2.00358
1.99741
1.99116
1.98488
1.97864
1.97249
1.96649
1.96071
1.95519
1.94999
1.94518
1.94081
1.93692
1.93307
1.92908
1.92497
1.9208
1.9166
1.91242
1.90829
1.90426
1.90037
1.89666
1.89318
1.88995
1.88703
1.88446
1.88215
1.87978
1.87732
1.87481
1.87227
1.86972
1.86718
1.86469
1.86226
1.85993
1.8577
1.85562
1.85369
1.85196
1.85043
1.84902
1.84751
1.8459
1.84424
1.84253
1.84082
1.83913
1.83749
1.83593
1.83447
1.83314
1.83197
1.83099
1.83022
1.8297
1.82939
1.82913
1.82889
1.82867
1.82846
1.82826
1.82805
1.82782
1.82758
1.82732
1.82702
1.82667
1.82628
1.82584
1.82533
1.82492
1.82564
1.82743
1.82999
1.83302
1.83623
1.83931
1.84197
1.8439
1.84482
1.84441
1.84238
1.83843
1.83226
1.82358
1.81244
1.80328
1.79694
1.7927
1.78982
1.78759
1.78527
1.78214
1.77749
1.77057
1.76067
1.74706
1.72902
1.70582
1.67674
1.64105
1.59888
1.55429
1.50811
1.46057
1.4119
1.36233
1.31209
1.26143
1.21056
1.15973
1.10917
1.0591
1.00977
0.961402
0.91423
0.868488
0.824408
0.782224
0.742167
0.70447
0.669367
0.637089
0.60787
0.581942
0.559537
0.540889
0.52623
0.515793
0.50981
0.506116
0.502356
0.498534
0.494652
0.490713
0.48672
0.482675
0.478582
0.474442
0.47026
0.466037
0.461777
0.457482
0.453155
0.4488
0.444417
0.440012
0.435586
0.431142
0.426683
0.422211
0.41773
0.413243
0.408752
0.404259
0.399768
0.395282
0.390804
0.386335
0.381879
0.377439
0.373018
0.368618
0.364242
0.359893
0.355574
0.351287
0.347036
0.342823
0.338651
0.334523
0.330441
0.326409
0.322428
0.318503
0.314636
0.310829
0.307085
0.303408
0.299799
0.296263
0.292801
0.289416
0.286111
0.28289
0.279754
0.276707
0.273751
0.27089
0.268125
0.26546
0.262898
0.260441
0.258093
0.255855
0.253731
0.251724
0.249836
0.248071
0.24643
0.244917
0.243535
0.242286
0.241174
0.2402
0.239368
0.238681
0.238141
0
0
0
0
0
0
0
0
0
0
0
0
0
0
0
0
0
0
0
0
0
0
0
0
0
0
0
0
0
0
0
0
0
0
0
0
0
0
0
0
0
0
0
0
0
0
0
0
0
0
0
0
0
0
0
0
0
0
0
0
0
0
0
0
0
0
0
0
0
0
0
0
0
0
0
0
0
0
0
0
0
0
0
0
0
0
0
0
0
0
0
0
0
0
0
0
0
0
0
0
0
0
0
0
0
0
0
0
0
0
0
0
0
0
0
0
0
0
0
0
0
0
0
0
0
0
0
0
0
0
0
0
0
0
0
0
0
0
0
0
0
0
0
0
0
0
0
0
0
0
0
0
0
0
0
0
0
0
0
0
0
0
0
0
0
0
0
0
0
0
0
0
0
0
0
0
0
0
0
0
0
0
0
0
0
0
0
0
0
0
0
0
0
0
0
0
0
0
0
0
0
0
0
0
0
0
0
0
0
0
0
0
0
0
0
0
0
0
0
0
0
0
0
0
0
0
0
0
0
0
0
0
0
0
0
0
0
0
0
0
0
0
0
0
0
0
0
0
0
0
0
0
0
0
0
0
0
0
0
0
0
0
0
0
0
0
0
0
0
0
0
0
0
0
0
0
0
0
0
0
0
0
0
0
0
0
0
0
0
0
0
0
0
0
0
0
0
0
0
0
0
0
0
0
0
0
0
0
0
0
0
0
0
0
0
0
0
0
0
0
0
0
0
0
0
0
0
0
0
0
0
0
0
0
0
0
0
0
0
0
0
0
0
0
0
0
0
0
0
0
0
0
0
0
0
0
0
0
0
0
0
0
0
0
0
0
0
0
0
0
0
0
0
0
0
0
0
0
0
0
0
0
0
0
0
0
0
0
0
0
0
0
0
0
0
0
0
0
0
0
0
0
0
0
0
0
0
0
0
0
0
0
0
0
0
0
0
0
0
0
0
0
0
0
0
0
0
0
0
0
0
0
0
0
0
0
0
0
0
0
0
0
0
0
0
0
0
0
0
0
0
0
0
0
0
0
0
0
0
0
0
0
0
0
0
0
0
0
0
0
0
0
0
0
0
0
0
0
0
0
0
0
0
0
0
0
0
0
0
0
0
0
0
0
0
0
0
0
0
0
0
0
0
0
0
0
0
0
0
0
0
0
0
0
0
0
0
0
0
0
0
0
0
0
0
0
0
0
0
0
0
0
0
0
0
0
0
0
0
0
0
0
0
0
0
0
0
0
0
0
0
0
0
0
0
0
0
0
0
0
0
0
0
0
0
0
0
0
0
0
0
0
0
0
0
0
0
0
0
0
0
0
0
0
0
0
0
0
0
0
0
0
0
0
0
0
0
0
0
0
0
0
0
0
0
0
0
0
0
0
0
0
0
0
0
0
0
0
0
0
0
0
0
0
0
0
0
0
0
0
0
0
0
0
0
0
0
0
0
0
0
0
0
0
0
0
0
0
0
0
0
0
0
0
0
0
0
0
0
0
0
0
0
0
0
0
0
0
0
0
0
0
0
0
0
0
0
0
0
0
0
0
0
0
0
0
0
0
0
0
0
0
0
0
0
0
0
0
0
0
0
0
0
0
0
0
0
0
0
0
0
0
0
0
0
0
0
0
0
0
0
0
0
0
0
0
0
0
0
0
0
0
0
0
0
0
0
0
0
0
0
0
0
0
0
0
0
0
0
0
0
0
0
0
0
0
0
0
0
0
0
0
0
0
0
0
0
0
0
0
0
0
0
0
0
0
0
0
0
0
0
0
0
0
0
0
0
0
0
0
0
0
0
0
0
0
0
0
0
0
0
0
0
0
0
0
0
0
0
0
0
0
0
0
0
0
0
0
0
0
0
0
0
0
0
0
0
0
0
0
0
0
0
0
0
0
0
0
0
0
0
0
0
0
0
0
0
0
0
0
0
0
0
0
0
0
0
0
0
0
0
0
0
0
0
0
0
0
0
0
0
0
0
0
0
0
0
0
0
0
0
0
0
0
0
0
0
0
0
0
0
0
0
0
0
0
0
0
0
0
0
0
0
0
0
0
0
0
0
0
0
0
0
0
0
0
0
0
0
0
0
0
0
0
0
0
0
0
0
0
0
0
0
0
0
0
0
0
0
0
0
0
0
0
0
0
0
0
0
0
0
0
0
0
0
0
0
0
0
0
0
0
0
0
0
0
0
0
0
0
0
0
0
0
0
0
0
0
0
0
0
0
0
0
0
0
0
0
0
0
0
0
0
0
0
0
0
0
0
0
0
0
0
0
0
0
0
0
0
0
0
0
0
0
0
0
0
0
0
0
0
0
0
0
0
0
0
0
0
0
0
0
0
0
0
0
0
0
0
0
0
0
0
0
0
0
0
0
0
0
0
0
0
0
0
0
0
0
0
0
0
0
0
0
0
0
0
0
0
0
0
0
0
0
0
0
0
0
0
0
0
0
0
0
0
0
0
0
0
0
0
0
0
0
0
0
0
0
0
0
0
0
0
0
0
0
0
0
0
0
0
0
0
0
0
0
0
0
0
0
0
0
0
0
0
0
0
0
0
0
0
0
0
0
0
0
0
0
0
0
0
0
0
0
0
0
0
0
0
0
0
0
0
0
0
0
0
0
0
0
0
0
0
0
0
0
0
0
0
0
0
0
0
0
0
0
0
0
0
0
0
0
0
0
0
0
0
0
0
0
0
0
0
0
0
0
0
0
0
0
0
0
0
0
0
0
0
0
0
0
0
0
0
0
0
0
0
0
0
0
0
0
0
0
0
0
0
0
0
0
0
0
0
0
0
0
0
0
0
0
0
0
0
0
0
0
0
0
0
0
0
0
0
0
0
0
0
0
0
0
0
0
0
0
0
0
0
0
0
0
0
0
0
0
0
0
0
0
0
0
0
0
0
0
0
0
0
0
0
0
0
0
0
0
0
0
0
0
0
0
0
0
0
0
0
0
0
0
0
0
0
0
0
0
0
0
0
0
0
0
0
0
0
0
0
0
0
0
0
0
0
0
0
0
0
0
0
0
0
0
0
0
0
0
0
0
0
0
0
0
0
0
0
0
0
0
0
0
0
0
0
0
0
0
0
0
0
0
0
0
0
0
0
0
0
0
0
0
0
0
0
0
0
0
0
0
0
0
0
0
0
0
0
0
0
0
0
0
0
0
0
0
0
0
0
0
0
0
0
0
0
0
0
0
0
0
0
0
0
0
0
0
0
0
0
0
0
0
0
0
0
0
0
0
0
0
0
0
0
0
0
0
0
0
0
0
0
0
0
0
0
0
0
0
0
0
0
0
0
0
0
0
0
0
0
0
0
0
0
0
0
0
0
0
0
0
0
0
0
0
0
0
0
0
0
0
0
0
0
0
0
0
0
0
0
0
0
0
0
0
0
0
0
0
0
0
0
0
0
0
0
0
0
0
0
0
0
0
0
0
0
0
0
0
0
0
0
0
0
0
0
0
0
0
0
0
0
0
0
0
0
0
0
0
0
0
0
0
0
0
0
0
0
0
0
0
0
0
0
0
0
0
0
0
0
0
0
0
0
0
0
0
0
0
0
0
0
0
0
0
0
0
0
0
0
0
0
0
0
0
0
0
0
0
0
0
0
0
0
0
0
0
0
0
0
0
0
0
0
0
0
0
0
0
0
0
0
0
0
0
0
0
0
0
0
0
0
0
0
0
0
0
0
0
0
0
0
0
0
0
0
0
0
0
0
