0
1.21755e-05
4.78321e-05
0.000105709
0.000184603
0.000283371
0.000400928
0.000536248
0.000688364
0.000856367
0.00103941
0.00123669
0.00144749
0.00167113
0.001907
0.00215453
0.00241323
0.00268267
0.00296246
0.00325228
0.00355187
0.00386102
0.0041796
0.00450751
0.00484472
0.00519127
0.00554725
0.00591281
0.00628815
0.00667353
0.0070693
0.00747582
0.00789354
0.00832296
0.00876464
0.00921921
0.00968733
0.0101697
0.0106672
0.0111807
0.011711
0.0122591
0.0128261
0.013413
0.014021
0.0146513
0.0153052
0.0159839
0.016689
0.0174217
0.0181836
0.0189763
0.0198014
0.0206605
0.0215555
0.022488
0.02346
0.0244733
0.0255299
0.0266319
0.0277813
0.0289813
0.0302389
0.0315604
0.0329509
0.0344138
0.0359508
0.0375622
0.0392469
0.041002
0.042823
0.0447042
0.046638
0.0486154
0.0506259
0.0526573
0.0546959
0.0567271
0.0587421
0.0607384
0.0627145
0.0646691
0.0666019
0.0685129
0.070403
0.0722735
0.0741264
0.0759644
0.0777908
0.0796094
0.0814246
0.0832416
0.0850653
0.0868974
0.0887384
0.0905886
0.0924482
0.0943173
0.0961959
0.0980837
0.0999803
0.101885
0.103798
0.105718
0.107643
0.109574
0.111508
0.113445
0.115384
0.117325
0.119268
0.121213
0.123159
0.125108
0.127059
0.129012
0.130968
0.132926
0.134888
0.136853
0.138822
0.140796
0.142775
0.144758
0.146746
0.148739
0.150737
0.152739
0.154746
0.156758
0.158775
0.160796
0.162822
0.164852
0.166887
0.168927
0.17097
0.173019
0.175071
0.177128
0.17919
0.181255
0.183326
0.1854
0.18748
0.189563
0.191651
0.193744
0.195842
0.197944
0.20005
0.202162
0.204278
0.206399
0.208524
0.210655
0.21279
0.21493
0.217074
0.219223
0.221376
0.223533
0.225695
0.227861
0.230032
0.232207
0.234387
0.236571
0.238759
0.240953
0.24315
0.245351
0.247556
0.249765
0.251978
0.254193
0.256413
0.258636
0.260864
0.263095
0.265329
0.267568
0.26981
0.272055
0.274303
0.276553
0.278806
0.281061
0.283319
0.285579
0.287842
0.290108
0.292376
0.294648
0.296921
0.299196
0.301473
0.30375
0.306027
0.308304
0.31058
0.312855
0.31513
0.317405
0.319679
0.321953
0.324227
0.326499
0.328771
0.331041
0.333309
0.335575
0.33784
0.340102
0.342362
0.344619
0.346875
0.349128
0.351379
0.353629
0.355876
0.358121
0.360363
0.362604
0.364843
0.367081
0.369317
0.371551
0.373784
0.376016
0.378246
0.380474
0.382699
0.384923
0.387143
0.38936
0.391573
0.393782
0.395987
0.398187
0.400383
0.402574
0.40476
0.406943
0.409122
0.411297
0.413468
0.415637
0.417804
0.419969
0.422133
0.424297
0.426461
0.428625
0.430789
0.432953
0.435116
0.437277
0.439434
0.441586
0.443732
0.44587
0.447998
0.450117
0.452225
0.454323
0.456411
0.458488
0.460556
0.462614
0.464663
0.466703
0.468735
0.470759
0.472778
0.47479
0.476797
0.478797
0.480792
0.48278
0.484761
0.486737
0.488706
0.49067
0.492628
0.49458
0.496528
0.498471
0.50041
0.502345
0.504276
0.506203
0.508126
0.510044
0.511959
0.513869
0.515776
0.517678
0.519576
0.521471
0.523363
0.525251
0.527137
0.52902
0.530901
0.53278
0.534656
0.536529
0.5384
0.540269
0.542135
0.543998
0.545859
0.547718
0.549575
0.551429
0.553282
0.555133
0.556983
0.558831
0.560678
0.562523
0.564367
0.566208
0.568048
0.569887
0.571723
0.573559
0.575392
0.577225
0.579056
0.580887
0.582717
0.584546
0.586376
0.588205
0.590033
0.591862
0.59369
0.595518
0.597346
0.599174
0.601002
0.602829
0.604656
0.606482
0.608308
0.610134
0.611959
0.613784
0.61561
0.617439
0.619271
0.621105
0.622943
0.624784
0.626627
0.628471
0.630316
0.632159
0.634
0.635836
0.637664
0.639482
0.641289
0.643089
0.644884
0.646675
0.648464
0.65025
0.652034
0.653814
0.655588
0.657354
0.659108
0.660847
0.662565
0.664257
0.665916
0.667536
0.669113
0.670644
0.672129
0.673565
0.674952
0.67629
0.677576
0.678812
0.679998
0.681132
0.682216
0.68325
0.684236
0.685174
0.686065
0.686911
0.687714
0.688476
0.689199
0.689886
0.690539
0.691161
0.691756
0.692326
0.692876
0.693409
0.69393
0.694443
0.69495
0.695455
0.695955
0.696452
0.696944
0.697433
0.697918
0.698399
0.698875
0.699347
0.699816
0.700279
0.700739
0.701194
0.701645
0.702092
0.702534
0.702972
0.703405
0.703834
0.704259
0.704679
0.705094
0.705505
0.705912
0.706314
0.706711
0.707104
0.707493
0.707877
0.708257
0.708632
0.709003
0.709369
0.709731
0.710089
0.710442
0.710791
0.711136
0.711477
0.711814
0.712146
0.712475
0.712799
0.713119
0.713436
0.713749
0.714058
0.714363
0.714665
0.714963
0.715257
0.715548
0.715836
0.71612
0.716402
0.71668
0.716955
0.717228
0.717497
0.717764
0.718028
0.71829
0.718549
0.718806
0.719061
0.719313
0.719564
0.719813
0.72006
0.720306
0.72055
0.720793
0.721035
0.721275
0.721515
0.721754
0.721993
1
1
1
1
1
1
1
1
1
1
1
1
1
1
1
1
1
1
1
1
1
1
1
1
1
1
1
1
1
1
1
1
1
1
1
1
1
1
1
1
1
1
1
1
1
1
1
1
1
1
1
1
1
1
1
1
1
1
1
1
1
1
1
1
1
1
1
1
1
1
1
1
1
1
1
1
1
1
1
1
1
1
1
1
1
1
1
1
1
1
1
1
1
1
1
1
1
1
1
1
1
1
1
1
1
1
1
1
1
1
1
1
1
1
1
1
1
1
1
1
1
1
1
1
1
1
1
1
1
1
1
1
1
1
1
1
1
1
1
1
1
1
1
1
1
1
1
1
1
1
1
1
1
1
1
1
1
1
1
1
1
1
1
1
1
1
1
1
1
1
1
1
1
1
1
1
1
1
1
1
1
1
1
1
1
1
1
1
1
1
1
1
1
1
1
1
1
1
1
1
1
1
1
1
1
1
1
1
1
1
1
1
1
1
1
1
1
1
1
1
1
1
1
1
1
1
1
1
1
1
1
1
1
1
1
1
1
1
1
1
1
1
1
1
1
1
1
1
1
1
1
1
1
1
1
1
1
1
1
1
1
1
1
1
1
1
1
1
1
1
1
1
1
1
1
1
1
1
1
1
1
1
1
1
1
1
1
1
1
1
1
1
1
1
1
1
1
1
1
1
1
1
1
1
1
1
1
1
1
1
1
1
1
1
1
1
1
1
1
1
1
1
1
1
1
1
1
1
1
1
1
1
1
1
1
1
1
1
1
1
1
1
1
1
1
1
1
1
1
1
1
1
1
1
1
1
1
1
1
1
1
1
1
1
1
1
1
1
1
1
1
1
1
1
1
1
1
1
1
1
1
1
1
1
1
1
1
1
1
1
1
1
1
1
1
1
1
1
1
1
1
1
1
1
1
1
1
1
1
1
1
1
1
1
1
1
1
1
1
1
1
1
1
1
1
1
1
1
1
1
1
1
1
1
1
1
1
1
1
1
1
1
1
1
1
1
1
1
1
1
1
1
1
1
1
1
1
1
1
1
1
1
1
1
1
1
1
1
1
1
1
1
1
1
1
1
1
1
1
1
1
1
1
1
1
1
1
1
1
1
1
1
1
1
1
1
1
1
1
1
1
1
1
1
1
1
1
1
1
1
1
1
1
1
1
1
1
1
1
1
1
1
1
1
1
1
1
1
1
1
1
1
1
1
1
1
1
1
1
1
1
1
1
1
1
1
1
1
1
1
1
1
1
1
1
1
1
1
1
1
1
1
1
1
1
1
1
1
1
1
1
1
1
1
1
1
1
1
1
1
1
1
1
1
1
1
1
1
1
1
1
1
1
1
1
1
1
1
1
1
1
1
1
1
1
1
1
1
1
1
1
1
1
1
1
1
1
1
1
1
1
1
1
1
1
1
1
1
1
1
1
1
1
1
1
1
1
1
1
1
1
1
1
1
1
1
1
1
1
1
1
1
1
1
1
1
1
1
1
1
1
1
1
1
1
1
1
1
1
1
1
1
1
1
1
1
1
1
1
1
1
1
1
1
1
1
1
1
1
1
1
1
1
1
1
1
1
1
1
1
1
1
1
1
1
1
1
1
1
1
1
1
1
1
1
1
1
1
1
1
1
1
1
1
1
1
1
1
1
1
1
1
1
1
1
1
1
1
1
1
1
1
1
1
1
1
1
1
1
1
1
1
1
1
1
1
1
1
1
1
1
1
1
1
1
1
1
1
1
1
1
1
1
1
1
1
1
1
1
1
1
1
1
1
1
1
1
1
1
1
1
1
1
1
1
1
1
1
1
1
1
1
1
1
1
1
1
1
1
1
1
1
1
1
1
1
1
1
1
1
1
1
1
1
1
1
1
1
1
1
1
1
1
1
1
1
1
1
1
1
1
1
1
1
1
1
1
1
1
1
1
1
1
1
1
1
1
1
1
1
1
1
1
1
1
1
1
1
1
1
1
1
1
1
1
1
1
1
1
1
1
1
1
1
1
1
1
1
1
1
1
1
1
1
1
1
1
1
1
1
1
1
1
1
1
1
1
1
1
1
1
1
1
1
1
1
1
1
1
1
1
1
1
1
1
1
1
1
1
1
1
1
1
1
1
1
1
1
1
1
1
1
1
1
1
1
1
1
1
1
1
1
1
1
1
1
1
1
1
1
1
1
1
1
1
1
1
1
1
1
1
1
1
1
1
1
1
1
1
1
1
1
1
1
1
1
1
1
1
1
1
1
1
1
1
1
1
1
1
1
1
1
1
1
1
1
1
1
1
1
1
1
1
1
1
1
1
1
1
1
1
1
1
1
1
1
1
1
1
1
1
1
1
1
1
1
1
1
1
1
1
1
1
1
1
1
1
1
1
1
1
1
1
1
1
1
1
1
1
1
1
1
1
1
1
1
1
1
1
1
1
1
1
1
1
1
1
1
1
1
1
1
1
1
1
1
1
1
1
1
1
1
1
1
1
1
1
1
1
1
1
1
1
1
1
1
1
1
1
1
1
1
1
1
1
1
1
1
1
1
1
1
1
1
1
1
1
1
1
1
1
1
1
1
1
1
1
1
1
1
1
1
1
1
1
1
1
1
1
1
1
1
1
1
1
1
1
1
1
1
1
1
1
1
1
1
1
1
1
1
1
1
1
1
1
1
1
1
1
1
1
1
1
1
1
1
1
1
1
1
1
1
1
1
1
1
1
1
1
1
1
1
1
1
1
1
1
1
1
1
1
1
1
1
1
1
1
1
1
1
1
1
1
1
1
1
1
1
1
1
1
1
1
1
1
1
1
1
1
1
1
1
1
1
1
1
1
1
1
1
1
1
1
1
1
1
1
1
1
1
1
1
1
1
1
1
1
1
1
1
1
1
1
1
1
1
1
1
1
1
1
1
1
1
1
1
1
1
1
1
1
1
1
1
1
1
1
1
1
1
1
1
1
1
1
1
1
1
1
1
1
1
1
1
1
1
1
1
1
1
1
1
1
1
1
1
1
1
1
1
1
1
1
1
1
1
1
1
1
1
1
1
1
1
1
1
1
1
1
1
1
1
1
1
1
1
1
1
1
1
1
1
1
1
1
1
1
1
1
1
1
1
1
1
1
1
1
1
1
1
1
1
1
1
1
1
1
1
1
1
1
1
1
1
1
1
1
1
1
1
1
1
1
1
1
1
1
1
1
1
1
1
1
1
1
1
1
1
1
1
1
1
1
1
1
1
1
1
1
1
1
1
1
1
1
1
1
1
1
1
1
1
1
1
1
1
1
1
1
1
1
1
1
1
1
1
1
1
1
1
1
1
1
1
1
1
1
1
1
1
1
1
1
1
1
1
1
1
1
1
1
1
1
1
1
1
1
1
1
1
1
1
1
1
1
1
1
1
1
1
1
1
1
1
1
1
1
1
1
1
1
1
1
1
1
1
1
1
1
1
1
1
1
1
1
1
1
1
1
1
1
1
1
1
1
1
1
1
1
1
1
1
1
1
1
1
1
1
1
1
1
1
1
1
1
1
1
1
1
1
1
1
1
1
1
1
1
1
1
1
1
1
1
1
1
1
1
1
1
1
1
1
1
1
1
1
1
1
1
1
1
1
1
1
1
1
1
1
1
1
1
1
1
1
1
1
1
1
1
1
1
1
1
1
1
1
1
1
1
1
1
1
1
1
1
1
1
1
1
1
1
1
1
1
1
1
1
1
1
1
1
1
1
1
1
